84, 1;
11, 2;
70,3;
49,4;
41,5;
56,6;
14,7;
42,8;
67,9;
85,10;
58,11;
80,12;
16,13;
65,14;
55,15;
72,16;
61,17;
63,18;
17,19;
5,20;
62,21;
81,22;
46,23;
66,24;
32,25;
71,26;
18,27;
76,28;
53,29;
27,30;
13,31;
19,32;
36,33;
10,34;
68,35;
26,36;
52,37;
64,38;
20,39;
39,40;
47,41;
34,42;
23,43;
6,44;
74,45;
57,46;
9,47;
29,48;
28,49;
69,50;
3,51;
48,52;
15,53;
38,54;
43,55;
88,56;
25,57;
4,58;
7,59;
44,60;
31,61;
21,62;
40,63;
1,64;
59,65;
82,66;
50,67;
87,68;
35,69;
51,70;
78,71;
2,72;
33,73;
83,74;
79,75;
37,76;
22,77;
45,78;
86,79;
73,80;
75,81;
30,82;
8,83;
24,84;
54,85;
12,86;
60,87;
77,88;



11,70,49,41,56,14,42,67,85,58,80,16,65,55,72,61,63,17,5,62,81,46,66,32,71,18,76,53,27,13,19,36,10,68,26,52,64,20,39,47,34,23,6,74,57,9,29,28,69,3,48,15,38,43,88,25,4,7,44,31,21,40,1,59,82,50,87,35,51,78,2,33,83,79,37,22,45,86,73,75,30,8,24,54,12,60,77,84